Epsiode1
0.0
0.0
0.0
0.0
0.0
0.0
0.0
0.0
0.0
0.0
0.0
0.0
0.6737551047188539
0.0
0.0
0.0
0.0
0.0
0.0
0.4218781674408893
0.0
0.0
0.0
0.4218781674408893
0.0
0.0
0.0
0.4218781674408893
0.0
0.0
0.4218781674408893
0.0
0.0
0.8100894733024792
1.0993290717287456
0.0
1.0993290717287456
0.0
0.8988112594187838
0.8100894733024792
1.0993290717287456
0.0
0.8988112594187838
0.8100894733024792
1.0993290717287456
0.0
0.8988112594187838
0.8100894733024792
1.0993290717287456
1.0993290717287456
1.2777491838943178
0.8988112594187838
0.8100894733024792
0.5095710914832287
0.35750240813779816
0.0
0.0
0.0
0.0
0.0
0.0
1.1350576949646447
0.5095710914832287
0.9488548521529121
1.2777491838943178
0.40842180072338813
0.0
0.0
1.1350576949646447
0.0
0.0
Epsiode2
1.1354530299472505
1.2777491838943178
1.1354530299472505
1.2777491838943178
2.0440834398952856
1.2777491838943178
2.344153780461734
Epsiode3
0.0
0.0
0.0
0.0
2.0440834398952856
1.2777491838943178
0.0
0.4999999847384175
0.7710704948982792
1.724578998207424
1.2777491838943178
2.5955596106875563
Epsiode4
0.5095710914832287
1.3804778129320692
0.0
0.0
0.39615004331715675
1.5981149630600748
1.2777491838943178
2.5955596106875563
2.258097138165474
0.0
Epsiode5
0.9707483526546453
1.5981149630600748
1.2777491838943178
2.5955596106875563
2.258097138165474
1.5981149630600748
1.2777491838943178
2.5955596106875563
2.258097138165474
1.5981149630600748
1.2777491838943178
2.5955596106875563
2.258097138165474
0.0
0.9263206592796867
0.0
0.9263206592796867
1.6336101886993042
1.5981149630600748
0.0
0.0
0.0
0.0
0.0
0.0
0.0
0.5095710914832287
1.3804778129320692
0.0
0.0
Epsiode6
0.5095710914832287
1.3804778129320692
0.4349377844017484
1.5754305656875527
1.5981149630600748
1.4895125733000056
0.9263206592796867
1.6336101886993042
1.4895125733000056
0.9263206592796867
0.0
0.0
2.4713711598475916
2.037701886633294
2.5955596106875563
0.0
0.0
0.0
0.9660364462727342
0.0
0.5095710914832287
1.4644528667020644
1.7992392307863765
0.0
1.18572157909096
0.0
Epsiode7
1.144694776446415
1.4644528667020644
2.37271574216496
2.037701886633294
2.5955596106875563
0.0
0.0
2.37271574216496
2.037701886633294
2.5955596106875563
2.2717055770939183
1.4644528667020644
1.4644528667020644
2.8163221941872587
1.161412638139645
1.5754305656875527
1.4644528667020644
2.4207521384873996
3.0107957018008396
1.161412638139645
1.5754305656875527
2.7319351534973593
2.7319351534973593
2.639261916114581
2.5955596106875563
2.2717055770939183
2.7319351534973593
2.639261916114581
2.5955596106875563
2.7319351534973593
2.7319351534973593
3.090399387898366
2.5955596106875563
2.4207521384873996
3.0107957018008396
2.4207521384873996
3.0107957018008396
2.410722802468887
1.5754305656875527
Epsiode8
2.4207521384873996
3.0107957018008396
2.410722802468887
2.7319351534973593
3.090399387898366
2.5955596106875563
2.7319351534973593
3.090399387898366
2.5955596106875563
0.0
0.0
Epsiode9
2.7319351534973593
3.090399387898366
2.7319351534973593
3.090399387898366
2.7319351534973593
2.7319351534973593
3.4818255880633395
3.365355913022005
0.40842180072338813
0.0
0.0
0.0
0.0
Epsiode10
0.0
2.3622833859565024
1.672817983493713
2.39324843760736
2.3622833859565024
1.672817983493713
2.39324843760736
0.0
0.0
0.0
2.7319351534973593
3.4818255880633395
3.365355913022005
2.0669841588037263
2.7319351534973593
3.4818255880633395
0.7505587831781864
0.0
0.7422770878927321
2.3622833859565024
0.0
2.3622833859565024
1.8680934127957864
2.3622833859565024
1.8680934127957864
2.773530814198316
0.9707483526546453
0.0
0.8469782465096711
0.0
2.4207521384873996
0.0
0.0
Epsiode11
2.28661739752139
3.3602558696347757
2.410722802468887
2.7314859423234523
2.3622833859565024
1.8680934127957864
2.28661739752139
3.06817281893177
3.5367350818616483
2.410722802468887
3.06817281893177
3.5367350818616483
2.410722802468887
Epsiode12
3.3381484416903544
2.3622833859565024
1.8680934127957864
0.0
2.169499559377021
0.0
2.3622833859565024
1.8680934127957864
3.0305269046716488
0.9707483526546453
2.0931679050587197
2.948402627372053
3.4818255880633395
2.4549551910590575
2.0669841588037263
2.948402627372053
3.4818255880633395
2.4549551910590575
2.0669841588037263
2.948402627372053
3.4818255880633395
2.4549551910590575
2.0669841588037263
2.948402627372053
3.4818255880633395
2.4549551910590575
2.0669841588037263
2.948402627372053
3.4818255880633395
2.4549551910590575
2.0669841588037263
2.948402627372053
3.4818255880633395
2.4549551910590575
2.0669841588037263
3.9033329276619266
3.4818255880633395
3.9033329276619266
3.9033329276619266
4.181155519118681
3.6677203206165396
2.0669841588037263
4.442119274885846
4.181155519118681
3.6677203206165396
2.0669841588037263
4.753656474611728
4.181155519118681
3.6677203206165396
4.753656474611728
4.181155519118681
3.6677203206165396
3.621355232714402
4.753656474611728
4.753656474611728
4.674631674607034
3.6677203206165396
4.753656474611728
4.674631674607034
3.6677203206165396
4.753656474611728
4.674631674607034
3.6677203206165396
0.0
1.1092747882378493
0.0
0.0
3.3381484416903544
3.6500860099487094
2.3622833859565024
1.8680934127957864
3.0305269046716488
Epsiode13
0.0
0.0
0.0
0.0
1.092965061763813
0.0
0.0
0.0
0.0
0.0
Epsiode14
0.0
0.0
0.35915698611284447
0.0
4.753656474611728
4.674631674607034
1.5811359759724466
1.5811359759724466
2.6536603986508824
3.0305269046716488
2.774388887461452
2.49874953953291
2.6536603986508824
3.0305269046716488
2.49874953953291
2.49874953953291
3.1537845710978036
0.9707483526546453
2.0931679050587197
2.085858330979416
0.0
4.753656474611728
4.674631674607034
3.5541656738668657
3.4380871874556433
4.753656474611728
4.674631674607034
3.5541656738668657
3.4380871874556433
2.49874953953291
3.1537845710978036
0.0
2.169499559377021
0.0
1.2947639690638546
0.0
0.0
2.4165803014482545
0.0
0.0
2.4165803014482545
2.49874953953291
3.1537845710978036
2.49874953953291
3.1537845710978036
3.95763957529895
3.9965186123077396
4.674631674607034
3.5541656738668657
0.0
3.2275628632119364
0.0
0.0
2.19874802231581
0.0
0.4019371355324708
1.1350576949646447
3.7415202227161517
3.7415202227161517
3.9087318718315758
2.992456585150827
3.7177959937975564
3.7415202227161517
3.9087318718315758
2.526503963192666
3.793409398171879
2.526503963192666
2.526503963192666
2.526503963192666
4.383146395466286
3.5912234151117173
4.383146395466286
4.372544969573793
3.5912234151117173
4.383146395466286
4.372544969573793
Epsiode15
3.5912234151117173
4.383146395466286
3.7415202227161517
Epsiode16
0.0
0.0
2.19874802231581
0.0
3.7415202227161517
3.0210318527529387
3.7759735542142305
3.965032914601756
4.383146395466286
4.757003639717967
4.776117021177373
3.965032914601756
2.49874953953291
2.49874953953291
3.770890233359825
3.95763957529895
1.2278633994984425
0.0
0.0
0.4019371355324708
3.965032914601756
4.386956601175444
4.757003639717967
3.965032914601756
0.40842180072338813
1.0051917269430486
0.9991271810916187
0.0
0.0
Epsiode17
3.894970768129785
3.965032914601756
3.965032914601756
4.218933309208851
Epsiode18
3.965032914601756
4.218933309208851
4.180956300536563
5.00358853258287
3.965032914601756
4.218933309208851
3.374757023095427
3.770890233359825
3.95763957529895
Epsiode19
3.894970768129785
4.173241877149872
3.7759735542142305
3.6667957435638066
3.770890233359825
3.95763957529895
3.965032914601756
4.218933309208851
4.228002865500837
5.00358853258287
2.190346660111538
4.633717822053528
4.218933309208851
4.228002865500837
5.00358853258287
4.633717822053528
4.218933309208851
4.901807084022389
4.901807084022389
4.694462652498284
4.711101781389509
5.00358853258287
4.901807084022389
4.694462652498284
4.711101781389509
4.901807084022389
4.694462652498284
4.901807084022389
4.694462652498284
5.0778812653096725
5.142018224867579
4.901807084022389
4.694462652498284
5.0778812653096725
5.142018224867579
4.901807084022389
4.694462652498284
5.0778812653096725
4.901807084022389
4.694462652498284
5.0778812653096725
4.901807084022389
3.894970768129785
0.0
Epsiode20
3.894970768129785
3.168423670707857
3.7759735542142305
4.901807084022389
4.8287429721285635
3.6667957435638066
3.770890233359825
3.95763957529895
3.0415383007489796
3.3423747092372786
0.0
0.0
0.35915698611284447
0.0
0.0
0.0
1.7647983242280614
0.35915698611284447
0.0
3.3423747092372786
1.7431926675414413
Epsiode21
3.6667957435638066
3.770890233359825
3.95763957529895
3.0415383007489796
3.6667957435638066
3.770890233359825
4.901807084022389
4.8287429721285635
4.552227982709134
4.901807084022389
4.8287429721285635
4.552227982709134
3.6667957435638066
3.770890233359825
4.805263510609105
3.6667957435638066
5.368122772946094
4.8287429721285635
4.552227982709134
5.445704524346677
5.368122772946094
4.8287429721285635
4.195030142260168
3.168423670707857
Epsiode22
4.195030142260168
3.168423670707857
4.769283586608413
2.190346660111538
4.195030142260168
3.168423670707857
Epsiode23
5.042339221683246
4.8287429721285635
5.012746535028754
5.042339221683246
4.8287429721285635
5.042339221683246
4.8287429721285635
5.556414006003179
3.8017260456024973
0.0
5.042339221683246
5.086163408347819
3.168423670707857
4.070880706859112
4.158645516533683
5.086163408347819
3.168423670707857
4.070880706859112
4.158645516533683
0.40842180072338813
1.193961002378586
1.458703930407908
0.9991271810916187
0.0
5.086163408347819
3.168423670707857
4.070880706859112
0.0
2.935999535928503
5.230902348036048
3.168423670707857
4.070880706859112
Epsiode24
1.193961002378586
1.458703930407908
5.230902348036048
5.230902348036048
4.157685809233332
4.070880706859112
3.402173853791882
3.3423747092372786
1.7431926675414413
1.7920489199956386
2.9165503171969807
1.7647983242280614
0.35915698611284447
4.586569429889783
3.904550632951758
2.79011991654784
3.417938057390562
1.643217049037945
5.042339221683246
4.350794262430067
5.042339221683246
4.350794262430067
5.75574674840442
5.045985794176984
5.042339221683246
4.350794262430067
5.042339221683246
4.350794262430067
5.891374750866609
5.045985794176984
2.190346660111538
2.190346660111538
3.659179155764291
2.190346660111538
2.190346660111538
3.842933850089943
3.056226452250306
0.0
2.190346660111538
2.190346660111538
5.042339221683246
4.350794262430067
2.156387492117675
2.4165803014482545
1.849846988321418
2.145672840893351
4.586569429889783
3.904550632951758
4.38164000036088
4.586569429889783
3.904550632951758
4.38164000036088
3.880180631431256
0.8469782465096711
0.0
5.042339221683246
2.79011991654784
3.417938057390562
1.643217049037945
3.4500034209232218
2.79011991654784
3.417938057390562
1.643217049037945
0.4019371355324708
3.675012885335873
1.7431926675414413
Epsiode25
5.042339221683246
4.205609873089278
2.79011991654784
5.042339221683246
4.205609873089278
5.042339221683246
4.205609873089278
4.8019778124899535
4.734980787900451
4.157685809233332
5.042339221683246
4.205609873089278
4.8019778124899535
5.120116103692313
Epsiode26
5.042339221683246
4.205609873089278
4.8019778124899535
4.586569429889783
3.904550632951758
4.38164000036088
4.586569429889783
3.904550632951758
4.38164000036088
4.389551872659542
5.042339221683246
4.205609873089278
4.8019778124899535
5.042339221683246
4.205609873089278
4.8019778124899535
5.357154889528191
0.0
4.300748296919677
2.4165803014482545
1.849846988321418
2.145672840893351
4.300748296919677
4.300748296919677
3.4900265185176713
0.0
3.4085835979836134
0.0
Epsiode27
0.0
3.4085835979836134
0.0
1.5560848413148483
4.734980787900451
4.734980787900451
4.734980787900451
4.586569429889783
3.904550632951758
4.38164000036088
4.586569429889783
3.904550632951758
4.38164000036088
4.300748296919677
4.586569429889783
3.904550632951758
4.38164000036088
4.762340332206451
3.5036515269083948
3.5036515269083948
4.409300853264877
3.056226452250306
0.0
3.5036515269083948
4.409300853264877
3.056226452250306
3.5036515269083948
0.0
0.0
0.7505587831781864
0.0
3.086731299305624
4.205609873089278
3.5036515269083948
5.047098685304462
3.056226452250306
3.8017260456024973
0.0
4.734980787900451
4.8547561662747825
0.0
Epsiode28
0.0
3.086731299305624
4.205609873089278
5.105509928855179
5.357154889528191
3.086731299305624
4.205609873089278
4.734980787900451
3.086731299305624
4.205609873089278
5.1050747568187065
5.357154889528191
2.79011991654784
2.79011991654784
2.79011991654784
4.380372784999346
1.643217049037945
2.870927072688736
4.420654369774924
5.133765649793467
4.979006054222902
4.446437503328955
3.402173853791882
3.737026441188343
4.205609873089278
5.1050747568187065
3.737026441188343
4.205609873089278
2.765929839375645
4.519216130362318
4.979006054222902
4.519216130362318
4.979006054222902
4.885249149590763
4.586569429889783
3.904550632951758
4.38164000036088
4.762340332206451
Epsiode29
0.0
3.737026441188343
4.205609873089278
3.737026441188343
4.205609873089278
5.575424973526311
2.765929839375645
2.651603653157613
Epsiode30
3.737026441188343
4.205609873089278
5.575424973526311
4.669696662372352
4.519216130362318
4.519216130362318
5.087558159649555
3.5036515269083948
3.5036515269083948
5.16145576539269
3.056226452250306
3.5036515269083948
5.16145576539269
3.056226452250306
4.446329554579236
4.25525367348828
0.8469782465096711
0.0
3.6755076897650474
3.8017260456024973
3.8017260456024973
2.100037248536312
3.876546770633845
0.0
Epsiode31
0.011111111111111108
4.586569429889783
4.586569429889783
4.586569429889783
4.840717382477294
4.38164000036088
0.011111111111111108
2.576386482826236
4.300748296919677
4.385787145691209
2.8143416688088907
2.145672840893351
4.586569429889783
2.4867003097407814
0.0
4.300748296919677
4.385787145691209
2.8143416688088907
2.4867003097407814
4.854554608371922
4.205609873089278
5.575424973526311
4.669696662372352
4.854554608371922
4.205609873089278
5.575424973526311
4.854554608371922
4.205609873089278
1.193961002378586
1.458703930407908
Epsiode32
4.854554608371922
4.205609873089278
3.5036515269083948
3.5036515269083948
5.336711364453696
0.0
0.0
1.1262565284231871
Epsiode33
4.221241725032248
5.087558159649555
5.080485649849056
4.586569429889783
3.9745971630129198
4.854554608371922
4.205609873089278
5.537255372854714
2.79011991654784
4.380372784999346
2.79011991654784
4.380372784999346
4.221241725032248
5.087558159649555
5.080485649849056
4.221241725032248
5.087558159649555
2.8368941031048003
2.100037248536312
3.876546770633845
4.227628439084926
1.193961002378586
1.458703930407908
1.6541407379483084
0.0
4.072446525223265
5.087558159649555
2.8368941031048003
2.100037248536312
3.876546770633845
4.854554608371922
4.205609873089278
0.0
Epsiode34
0.7505587831781864
0.0
3.2143207275200574
1.5658962934021163
4.586569429889783
3.9745971630129198
4.3197910228101275
4.029151534399956
4.8072294456910605
4.8072294456910605
3.368192633263492
1.6174012431316371
2.723572210602134
4.8072294456910605
4.90020135522469
4.180683184248625
1.6174012431316371
4.90020135522469
4.180683184248625
Epsiode35
2.9165503171969807
1.7647983242280614
0.35915698611284447
2.6160285389140436
4.842096930383708
3.9745971630129198
4.3197910228101275
4.842096930383708
3.9745971630129198
2.79011991654784
2.870927072688736
4.420654369774924
3.9844709756624015
0.0
4.854554608371922
4.205609873089278
5.280752241612974
4.854554608371922
4.205609873089278
5.280752241612974
4.854554608371922
4.854554608371922
5.159694136235206
5.280752241612974
2.669949880558673
4.854554608371922
5.159694136235206
5.280752241612974
4.545790062033708
Epsiode36
4.854554608371922
5.159694136235206
5.280752241612974
5.419144284243627
5.159694136235206
5.280752241612974
4.072446525223265
5.087558159649555
Epsiode37
4.072446525223265
5.087558159649555
5.021595059697322
5.021595059697322
4.6692336345897845
3.7982851896195164
4.385787145691209
2.4867003097407814
5.419144284243627
5.419144284243627
5.529830491520298
5.419144284243627
5.419144284243627
5.726009783270438
5.600741786375394
5.398092057942952
5.419144284243627
5.726009783270438
5.419144284243627
5.726009783270438
5.419144284243627
5.726009783270438
5.8417821311328915
5.398092057942952
5.419144284243627
5.726009783270438
5.419144284243627
5.726009783270438
5.932317434898266
5.398092057942952
5.753797718904276
5.753797718904276
5.907230468417682
5.932317434898266
5.753797718904276
5.907230468417682
5.932317434898266
4.072446525223265
5.087558159649555
4.9577173023592245
5.107198955487722
0.0
0.0
0.7505587831781864
Epsiode38
5.021595059697322
2.669949880558673
2.9927462965242695
1.5783681600504593
4.90020135522469
4.180683184248625
2.669949880558673
2.9927462965242695
Epsiode39
2.870927072688736
5.753797718904276
5.907230468417682
5.932317434898266
5.6730618456413335
5.753797718904276
5.907230468417682
5.932317434898266
5.753797718904276
5.907230468417682
4.871530152597282
5.087558159649555
4.9577173023592245
Epsiode40
4.871530152597282
5.087558159649555
4.980818019211716
4.081352650730814
4.681666761525269
4.90020135522469
4.180683184248625
3.002714736971987
3.9554841744625913
3.9763430238415287
2.9927462965242695
3.5752728762096995
2.660364727542701
5.22369391258307
4.081352650730814
4.681666761525269
5.22369391258307
4.081352650730814
5.22369391258307
4.081352650730814
5.22369391258307
4.081352650730814
1.193961002378586
Epsiode41
1.193961002378586
2.7182390484534853
1.6541407379483084
5.753797718904276
5.907230468417682
5.370739409642587
5.968670615854402
5.753797718904276
5.907230468417682
5.370739409642587
5.968670615854402
3.9763430238415287
2.9927462965242695
3.5752728762096995
2.660364727542701
3.9763430238415287
2.9927462965242695
3.5752728762096995
5.22369391258307
4.90020135522469
4.180683184248625
3.002714736971987
3.9554841744625913
4.90020135522469
4.180683184248625
4.988524620796788
4.180683184248625
4.209483639796771
3.9554841744625913
5.152145144082924
4.180683184248625
4.209483639796771
5.152145144082924
4.180683184248625
4.209483639796771
3.9763430238415287
2.9927462965242695
3.5752728762096995
4.080943018696818
5.753797718904276
5.907230468417682
5.370739409642587
5.968670615854402
5.753797718904276
5.907230468417682
5.370739409642587
5.753797718904276
5.907230468417682
6.00348644032994
5.907230468417682
5.821645286125209
5.162438203175878
5.087558159649555
5.148943812333549
5.162438203175878
5.087558159649555
5.148943812333549
5.2137286752981895
Epsiode42
5.162438203175878
5.087558159649555
5.148943812333549
5.2137286752981895
6.00348644032994
5.907230468417682
5.22369391258307
4.654996102587032
5.032247279621988
5.421150517168305
4.654996102587032
5.032247279621988
5.359835404361725
5.229762790588748
4.180683184248625
5.542588494848436
4.654996102587032
5.032247279621988
5.359835404361725
5.542588494848436
4.654996102587032
5.032247279621988
5.229762790588748
4.180683184248625
4.888703997068568
4.632159081674654
5.229762790588748
4.180683184248625
4.888703997068568
4.632159081674654
5.542588494848436
5.542588494848436
5.598792443638907
5.598792443638907
5.598792443638907
5.598792443638907
5.68224582340363
5.032247279621988
5.598792443638907
5.68224582340363
5.598792443638907
5.68224582340363
Epsiode43
5.51308549467654
5.598792443638907
6.00348644032994
2.870927072688736
5.321219428336591
3.9844709756624015
6.00348644032994
5.7703861991825285
5.606942199070229
5.808850887738675
5.598792443638907
5.96491403207251
5.545750135856052
6.00348644032994
5.7703861991825285
5.606942199070229
5.598792443638907
5.96491403207251
5.545750135856052
5.788287677698854
5.598792443638907
5.598792443638907
6.079717955079882
5.545750135856052
4.192604181284658
3.2809495254746595
3.403927806565592
1.193961002378586
2.7182390484534853
1.6541407379483084
5.073218685303493
5.087558159649555
5.148943812333549
5.2137286752981895
Epsiode44
5.073218685303493
5.087558159649555
5.148943812333549
5.2137286752981895
5.615390331387582
5.615390331387582
5.598792443638907
6.079717955079882
5.073218685303493
5.087558159649555
5.148943812333549
5.2137286752981895
5.073218685303493
5.087558159649555
5.073218685303493
5.087558159649555
5.475131044769503
5.2137286752981895
5.598792443638907
5.598792443638907
5.598792443638907
5.598792443638907
6.226820404377213
5.073218685303493
5.087558159649555
5.475131044769503
5.2137286752981895
5.073218685303493
5.073218685303493
5.073218685303493
5.840987788579572
5.475131044769503
5.2137286752981895
5.073218685303493
5.597038233474295
5.992033896223445
5.475131044769503
5.2137286752981895
5.818646454802272
6.226820404377213
5.597038233474295
5.992033896223445
5.475131044769503
5.597038233474295
5.992033896223445
5.818646454802272
5.818646454802272
6.3484743861436925
6.122151340159994
5.247532218387214
5.597038233474295
5.992033896223445
5.970268766139451
5.791609870608262
5.818646454802272
5.818646454802272
6.3866626718312265
6.122151340159994
5.247532218387214
5.818646454802272
5.818646454802272
6.422886745778911
6.122151340159994
5.9336024925121755
5.069574434878168
Epsiode45
6.11029664773891
5.992033896223445
5.970268766139451
Epsiode46
6.089714370645959
6.038537658901376
4.169588891330864
6.089714370645959
6.038537658901376
5.637705300483188
6.066125909057431
6.089714370645959
6.11029664773891
4.169588891330864
4.227628439084926
3.2106175353010142
0.0
3.6755076897650474
4.169588891330864
4.169588891330864
4.169588891330864
4.169588891330864
4.169588891330864
4.169588891330864
5.675006948104366
3.93505074993645
4.169588891330864
5.675006948104366
4.169588891330864
5.675006948104366
4.1300600947686394
0.0
0.0
0.0
0.0
2.870927072688736
5.321219428336591
3.9844709756624015
3.1790652380622864
6.189839264472887
6.220553812176038
5.637705300483188
6.189839264472887
6.220553812176038
5.637705300483188
6.1522257282121
6.1522257282121
6.577251730205255
Epsiode47
2.765929839375645
2.651603653157613
3.641648582578078
6.1522257282121
6.577251730205255
4.7220397544623545
5.704717186377827
6.1522257282121
6.577251730205255
4.7220397544623545
4.192604181284658
3.2809495254746595
6.189839264472887
4.169588891330864
6.1522257282121
6.577251730205255
5.49147775350961
5.49147775350961
5.16405713688118
3.1887498264063217
6.1522257282121
6.577251730205255
4.169588891330864
6.297217954436885
4.1300600947686394
6.189839264472887
6.11029664773891
0.0
0.0
0.0
0.7505587831781864
2.3204617521916973
5.49147775350961
5.16405713688118
3.1887498264063217
6.1522257282121
6.577251730205255
2.8368941031048003
2.100037248536312
3.876546770633845
6.189839264472887
6.414543695709847
5.637705300483188
6.189839264472887
6.414543695709847
5.637705300483188
2.9436898078605847
2.576386482826236
2.4716573629788012
2.055377709316535
6.1522257282121
6.577251730205255
6.102417084033158
6.1522257282121
6.577251730205255
6.189839264472887
6.414543695709847
5.637705300483188
6.189839264472887
6.414543695709847
5.637705300483188
5.90827578397821
5.206396384705531
5.206396384705531
6.425258304837591
5.970268766139451
2.9748991223374026
Epsiode48
0.0
0.0
1.1262565284231871
6.1522257282121
5.113843750733643
5.16405713688118
2.9436898078605847
2.576386482826236
2.4716573629788012
2.055377709316535
6.1522257282121
6.3894441062080265
6.1522257282121
6.1522257282121
6.1522257282121
6.67090597070065
6.527599925675633
6.0297202725886505
6.1522257282121
0.0
0.0
0.0
5.113843750733643
5.16405713688118
3.418702632539567
6.1522257282121
3.704068156595213
6.527599925675633
6.0297202725886505
5.206396384705531
6.425258304837591
5.970268766139451
5.01723557133568
5.206396384705531
5.206396384705531
5.206396384705531
5.206396384705531
6.493521979289376
5.206396384705531
6.493521979289376
6.262774829305501
5.01723557133568
6.377975081167133
3.704068156595213
6.527599925675633
6.0297202725886505
6.377975081167133
3.704068156595213
6.377975081167133
3.704068156595213
6.517314615954138
3.704068156595213
6.606158932922259
6.0297202725886505
6.189839264472887
6.414543695709847
6.517314615954138
3.704068156595213
6.517314615954138
3.704068156595213
6.6425176529428125
6.0297202725886505
6.517314615954138
3.704068156595213
6.6425176529428125
6.0297202725886505
6.517314615954138
6.517314615954138
6.189839264472887
6.414543695709847
6.158290836723277
5.90827578397821
6.189839264472887
6.414543695709847
6.158290836723277
6.389885109608969
6.414543695709847
5.206396384705531
6.493521979289376
6.262774829305501
6.500757526602056
5.113843750733643
Epsiode49
6.562170828909622
6.414543695709847
6.422499421462765
6.251512150833652
6.562170828909622
6.414543695709847
6.500757526602056
6.315183235214642
6.573637640535525
6.315183235214642
6.629791255036292
6.0297202725886505
6.573637640535525
6.315183235214642
6.629791255036292
6.675301282491587
6.315183235214642
6.629791255036292
6.675301282491587
6.315183235214642
6.629791255036292
3.403927806565592
5.519030284600458
2.123144395781618
6.615455402800419
1.193961002378586
2.7182390484534853
1.6541407379483084
Epsiode50
0.0
0.0
0.0
0.0
6.615455402800419
6.595964891437033
6.615455402800419
6.615455402800419
6.630813962129452
6.6068396127054365
6.251512150833652
6.615455402800419
6.646849486125576
6.646849486125576
6.646849486125576
6.677658443563405
6.675301282491587
6.315183235214642
6.629791255036292
6.276114355981067
6.646849486125576
6.677658443563405
5.81235567991199
6.493521979289376
6.262774829305501
6.675301282491587
6.315183235214642
5.81235567991199
Epsiode51
5.81235567991199
6.2021792136582405
6.262774829305501
6.406253678856822
6.673316003929262
6.677658443563405
6.673316003929262
6.677658443563405
6.659481757478792
6.251512150833652
6.673316003929262
6.677658443563405
6.673316003929262
6.677658443563405
6.673316003929262
6.677658443563405
6.716859022607097
6.315183235214642
6.667633552076989
6.276114355981067
6.716859022607097
6.315183235214642
6.667633552076989
6.276114355981067
6.673316003929262
6.677658443563405
6.748867477735136
6.673316003929262
6.677658443563405
6.748867477735136
6.5735684799096115
6.673316003929262
6.677658443563405
6.748867477735136
6.673316003929262
6.677658443563405
6.748867477735136
6.736218436214244
6.673316003929262
6.673316003929262
6.739903756419372
6.748867477735136
6.736218436214244
6.732894998241841
6.739903756419372
6.748867477735136
5.81235567991199
6.2021792136582405
5.81235567991199
6.2021792136582405
6.523602044406626
6.732894998241841
2.8368941031048003
2.100037248536312
3.876546770633845
5.489540717553301
6.732894998241841
6.327130419187586
6.748867477735136
6.740498733269149
6.750975431839915
6.750975431839915
6.557856697688411
6.667633552076989
6.276114355981067
6.750975431839915
6.557856697688411
6.667633552076989
6.276114355981067
6.750975431839915
6.557856697688411
6.667633552076989
3.403927806565592
5.519030284600458
2.123144395781618
5.544000299184732
4.53203441316159
5.519030284600458
5.094150674547258
5.094150674547258
5.587648990181957
5.394850716188843
Epsiode52
5.394850716188843
5.81235567991199
6.2021792136582405
6.523602044406626
5.81235567991199
6.2021792136582405
6.523602044406626
6.884083006263815
5.81235567991199
Epsiode53
5.81235567991199
6.23226029298117
6.523602044406626
6.844882114964081
6.557856697688411
6.667633552076989
6.844882114964081
6.557856697688411
6.667633552076989
6.870586929143464
2.8368941031048003
2.100037248536312
3.876546770633845
6.844882114964081
6.557856697688411
6.667633552076989
0.0
0.0
0.0
6.697320605394839
6.327130419187586
6.748867477735136
6.740498733269149
6.697320605394839
6.327130419187586
6.748867477735136
6.844882114964081
6.557856697688411
6.667633552076989
3.912790668474595
2.9165503171969807
1.7647983242280614
Epsiode54
6.9026380092158774
6.557856697688411
6.9026380092158774
6.557856697688411
6.850371264475781
5.059494427329546
2.9927462965242695
6.697320605394839
6.327130419187586
6.697320605394839
2.765929839375645
2.651603653157613
6.697320605394839
5.291182821054856
7.007368996436476
6.98846072082591
2.9748991223374026
2.975772225368286
0.0
1.5560848413148483
2.9748991223374026
2.975772225368286
0.0
1.5560848413148483
6.45081110013532
6.23226029298117
6.45081110013532
6.23226029298117
6.778737892826166
6.45081110013532
6.23226029298117
Epsiode55
6.45081110013532
6.23226029298117
6.6049922134724
5.059494427329546
5.394850716188843
5.394850716188843
2.9165503171969807
5.913821748827997
5.913821748827997
6.828262084283014
6.850371264475781
5.412415862156646
6.836886960286263
5.291182821054856
5.084211556358838
6.45081110013532
6.23226029298117
6.6049922134724
6.719367681121794
6.45081110013532
6.23226029298117
6.6049922134724
6.45081110013532
6.23226029298117
6.6049922134724
6.830993956972888
6.45081110013532
6.23226029298117
6.6049922134724
6.830993956972888
6.45081110013532
6.23226029298117
6.6049922134724
6.830993956972888
6.45081110013532
6.23226029298117
6.6049922134724
6.830993956972888
6.45081110013532
6.23226029298117
6.6049922134724
6.45081110013532
6.23226029298117
6.6049922134724
6.878060049230076
6.45081110013532
6.23226029298117
4.169588891330864
6.297217954436885
4.169588891330864
6.297217954436885
5.2543336824364735
4.950381245619356
5.74916456251753
5.960707842501599
3.418702632539567
4.169588891330864
6.297217954436885
5.2543336824364735
4.950381245619356
4.169588891330864
6.297217954436885
5.2543336824364735
4.950381245619356
2.8368941031048003
2.100037248536312
3.876546770633845
Epsiode56
6.897331246351474
5.291182821054856
6.45081110013532
6.23226029298117
6.45081110013532
6.45081110013532
6.644583956785613
6.768264765495952
Epsiode57
6.45081110013532
6.644583956785613
6.897331246351474
5.291182821054856
6.671072084452964
4.169588891330864
6.297217954436885
5.913821748827997
6.828262084283014
Epsiode58
6.897331246351474
5.291182821054856
6.671072084452964
6.816585890934477
5.913821748827997
6.907063672054428
5.291182821054856
6.907063672054428
6.906154932896151
6.1093256185074765
6.799270250206531
6.816585890934477
5.913821748827997
6.886543622248579
6.88535542979327
6.1093256185074765
6.799270250206531
6.88535542979327
6.1093256185074765
6.799270250206531
6.88535542979327
6.1093256185074765
6.45081110013532
6.644583956785613
6.88535542979327
6.1093256185074765
7.018651701804416
7.025532859596982
4.169588891330864
Epsiode59
2.8368941031048003
2.100037248536312
6.520403264389412
5.069574434878168
5.310356795743777
4.632159081674654
5.059494427329546
4.790313197574996
5.4093554621873405
4.080943018696818
5.913821748827997
6.886543622248579
6.844759038562149
5.913821748827997
6.886543622248579
6.45081110013532
6.644583956785613
7.141530104614803
Epsiode60
6.45081110013532
6.644583956785613
7.141530104614803
5.913821748827997
6.886543622248579
7.055657871547385
6.520403264389412
5.069574434878168
5.310356795743777
4.632159081674654
5.913821748827997
6.886543622248579
5.084211556358838
6.216579263398145
6.787351048593559
6.1093256185074765
6.787351048593559
6.787351048593559
6.684462027166944
5.913821748827997
5.913821748827997
5.913821748827997
7.060105673239186
6.735989812730503
2.9436898078605847
2.576386482826236
6.132625168065454
3.2809495254746595
5.913821748827997
7.060105673239186
6.00060356433915
5.960707842501599
3.418702632539567
5.913821748827997
7.060105673239186
5.913821748827997
7.060105673239186
7.050493100792415
5.67574985121855
2.8368941031048003
2.100037248536312
6.787351048593559
6.787351048593559
6.9522186637671455
7.0839124680771475
7.025532859596982
6.787351048593559
6.9522186637671455
7.0839124680771475
6.787351048593559
6.9522186637671455
7.0839124680771475
2.8368941031048003
2.100037248536312
6.875666816492528
Epsiode61
6.875666816492528
6.5854462974537
6.787351048593559
6.9522186637671455
5.690114270973966
6.417625839499033
6.207887057650096
5.690114270973966
5.690114270973966
Epsiode62
6.5443961452142165
5.394850716188843
6.218505849255171
1.193961002378586
2.7182390484534853
1.6541407379483084
2.22175067516329
1.193961002378586
2.7182390484534853
1.6541407379483084
2.22175067516329
1.193961002378586
2.7182390484534853
5.601308467023854
7.004607730578789
6.863215478140667
5.601308467023854
0.011111111111111108
0.0
0.0
0.0
5.929917446464131
4.790313197574996
5.4093554621873405
4.080943018696818
5.913821748827997
7.060105673239186
7.050493100792415
2.9165503171969807
4.431732896378906
3.0377907196459506
5.601308467023854
3.9164778056332556
6.863215478140667
7.001369535818068
5.601308467023854
3.9164778056332556
6.863215478140667
5.601308467023854
3.9164778056332556
6.863215478140667
7.119584333960303
6.875666816492528
6.5854462974537
5.913821748827997
5.913821748827997
7.12960209398047
7.050493100792415
5.601308467023854
6.00060356433915
5.960707842501599
3.418702632539567
5.601308467023854
5.529827560567488
6.863215478140667
5.084211556358838
6.216579263398145
5.575123954959139
6.875666816492528
6.5854462974537
7.195752424257004
1.193961002378586
Epsiode63
6.875666816492528
6.5854462974537
7.195752424257004
6.041684856282161
6.875666816492528
6.5854462974537
7.195752424257004
6.875666816492528
6.5854462974537
5.690114270973966
6.925564551954473
6.207887057650096
6.132625168065454
5.913821748827997
2.765929839375645
2.651603653157613
Epsiode64
5.601308467023854
5.529827560567488
6.863215478140667
5.601308467023854
5.601308467023854
6.468798685563442
6.863215478140667
0.0
0.0
0.0
0.0
6.00060356433915
5.960707842501599
3.418702632539567
6.00060356433915
5.960707842501599
3.418702632539567
7.255406470203713
6.132625168065454
5.335690597239083
6.322018396777237
0.0
6.00060356433915
5.960707842501599
3.418702632539567
6.132625168065454
5.335690597239083
5.913821748827997
6.51643200501141
7.050493100792415
6.230765205936768
5.913821748827997
6.51643200501141
7.050493100792415
6.230765205936768
5.913821748827997
6.51643200501141
7.050493100792415
5.913821748827997
6.51643200501141
5.913821748827997
6.51643200501141
7.129410445075239
6.71037016443613
5.913821748827997
6.813029709855009
5.601308467023854
6.468798685563442
6.863215478140667
6.875666816492528
6.875666816492528
6.902795849237472
7.134246523922935
6.6605963724588655
6.875666816492528
6.902795849237472
6.875666816492528
6.902795849237472
7.120806830719516
6.875666816492528
6.902795849237472
Epsiode65
5.1106137061599
2.100037248536312
6.8958753256981025
6.875666816492528
6.902795849237472
7.085347958846105
Epsiode66
6.875666816492528
6.902795849237472
5.601308467023854
6.468798685563442
6.863215478140667
5.394850716188843
5.084211556358838
6.875666816492528
6.902795849237472
7.169984232686246
6.875666816492528
6.902795849237472
2.9748991223374026
2.975772225368286
Epsiode67
6.83719284128941
5.069574434878168
5.601308467023854
5.601308467023854
6.862448376863191
6.875666816492528
6.875666816492528
7.05259273929966
6.430768899506051
7.047472945920329
6.875666816492528
6.875666816492528
7.068954846400461
6.430768899506051
6.875666816492528
7.068954846400461
5.948201032051129
6.925564551954473
6.207887057650096
5.601308467023854
6.862448376863191
7.032055916548952
6.875666816492528
7.068954846400461
6.875666816492528
7.068954846400461
7.084977245937578
Epsiode68
7.226402962117317
6.978891808322997
5.601308467023854
6.862448376863191
7.032055916548952
5.948201032051129
6.925564551954473
6.207887057650096
0.7505587831781864
2.765929839375645
2.651603653157613
5.987034889699659
3.448370729617289
5.601308467023854
6.862448376863191
7.032055916548952
5.601308467023854
6.862448376863191
5.394850716188843
6.3825445119124815
5.9670883023058545
5.544000299184732
2.7666499797169486
Epsiode69
6.7152819787969324
5.394850716188843
7.226402962117317
2.9165503171969807
4.431732896378906
3.0377907196459506
6.823103094471245
7.141327237114291
7.203259344279876
6.71037016443613
5.601308467023854
6.862448376863191
6.874831711466664
7.214622237275567
5.601308467023854
5.601308467023854
7.013407359723573
6.874831711466664
5.601308467023854
7.013407359723573
5.601308467023854
7.013407359723573
7.105202800901882
6.7152819787969324
6.7152819787969324
7.06732698871162
2.9436898078605847
2.576386482826236
4.493563154778366
2.055377709316535
6.7152819787969324
7.06732698871162
6.823103094471245
7.141327237114291
2.9748991223374026
2.975772225368286
2.3997130280946886
3.5746302633721143
4.838398285157698
6.828131085696044
7.013407359723573
6.828131085696044
7.013407359723573
7.237164550232606
2.765929839375645
2.651603653157613
Epsiode70
5.948201032051129
6.828131085696044
7.013407359723573
7.237164550232606
6.828131085696044
7.013407359723573
7.237164550232606
6.828131085696044
2.9165503171969807
4.431732896378906
3.0377907196459506
6.823103094471245
7.141327237114291
6.380506808019431
6.828131085696044
6.828131085696044
7.1414781049149845
7.237164550232606
7.215582740921246
7.215582740921246
7.372870288838134
7.237164550232606
7.215582740921246
7.372870288838134
7.237164550232606
7.12006863052963
7.12006863052963
7.204361044719461
6.707633025031258
6.797385497338642
Epsiode71
7.12006863052963
7.204361044719461
6.707633025031258
6.797385497338642
7.215582740921246
7.372870288838134
6.823103094471245
7.141327237114291
6.380506808019431
7.117656147541985
7.215582740921246
7.372870288838134
7.201570907717272
7.12006863052963
6.823103094471245
7.141327237114291
6.380506808019431
7.117656147541985
6.823103094471245
7.141327237114291
7.200294069187818
6.823103094471245
7.141327237114291
6.84258052967696
7.117656147541985
6.823103094471245
7.141327237114291
7.200294069187818
7.283283681361227
6.707633025031258
6.797385497338642
7.215582740921246
7.215582740921246
7.359782329951782
7.201570907717272
7.215582740921246
7.359782329951782
7.201570907717272
7.215582740921246
7.359782329951782
7.201570907717272
7.215582740921246
7.359782329951782
7.201570907717272
1.762993380281272
6.00060356433915
6.823103094471245
7.141327237114291
7.065434588117698
7.117656147541985
6.823103094471245
7.141327237114291
7.065434588117698
7.117656147541985
6.823103094471245
7.141327237114291
7.065434588117698
7.117656147541985
7.215582740921246
7.359782329951782
7.201570907717272
7.215582740921246
7.359782329951782
7.201570907717272
6.270028534312373
7.215582740921246
7.359782329951782
6.823103094471245
7.141327237114291
7.065434588117698
7.117656147541985
7.293970980169988
7.293970980169988
7.3362376578986375
7.2726555041693635
6.270028534312373
7.293970980169988
7.3362376578986375
7.2726555041693635
7.293970980169988
7.3362376578986375
7.2726555041693635
6.836039814885979
7.293970980169988
7.3362376578986375
7.2726555041693635
7.273494220126625
7.273494220126625
7.319111158130205
6.823103094471245
7.141327237114291
Epsiode72
2.9748991223374026
2.975772225368286
6.823103094471245
7.141327237114291
6.311573951198341
5.929917446464131
4.790313197574996
7.273494220126625
7.319111158130205
0.011111111111111108
6.823103094471245
7.141327237114291
2.765929839375645
7.326211650577704
6.823103094471245
7.141327237114291
6.408652795128166
7.34016846504964
6.83719284128941
1.762993380281272
5.948201032051129
7.13061743469302
6.814759336783379
7.326211650577704
7.273494220126625
7.319111158130205
4.925523002688111
6.797385497338642
6.823103094471245
7.141327237114291
7.296391461826294
7.319111158130205
4.925523002688111
6.797385497338642
7.296391461826294
7.296391461826294
6.132625168065454
5.335690597239083
6.764756326016796
0.0
0.0
0.0
6.823103094471245
7.141327237114291
6.864593085389342
6.823103094471245
7.326211650577704
7.459304660639525
7.2726555041693635
7.326211650577704
7.296391461826294
6.51673862903008
4.925523002688111
6.797385497338642
5.084211556358838
5.084211556358838
7.326211650577704
6.969046449072182
6.51673862903008
4.925523002688111
6.969046449072182
6.51673862903008
4.925523002688111
7.168986895325852
6.969046449072182
6.51673862903008
6.823103094471245
7.415850057250273
6.864593085389342
Epsiode73
7.326211650577704
6.823103094471245
7.415850057250273
6.864593085389342
6.823103094471245
7.415850057250273
6.814759336783379
5.397778802839105
6.969046449072182
6.51673862903008
6.231638454984233
2.9748991223374026
2.975772225368286
4.917955544219227
Epsiode74
2.9748991223374026
2.975772225368286
4.917955544219227
4.107255703449661
6.969046449072182
6.51673862903008
6.231638454984233
6.4419513363358
6.969046449072182
6.969046449072182
6.958088135101541
6.969046449072182
6.958088135101541
6.815262207402416
6.969046449072182
6.958088135101541
6.815262207402416
6.639606512886905
6.958340348723732
6.958088135101541
6.815262207402416
7.307204532364926
6.958340348723732
6.958088135101541
6.00060356433915
6.74334597661011
3.418702632539567
7.326211650577704
7.326211650577704
7.606459309192214
7.326211650577704
6.958340348723732
6.958088135101541
6.940708678486972
2.9748991223374026
2.975772225368286
4.917955544219227
4.107255703449661
Epsiode75
2.9748991223374026
7.512084593053272
7.512084593053272
7.681177398613775
7.558566063028671
7.4058392046933905
7.564122012819594
7.564122012819594
7.564122012819594
7.582326328695815
7.558566063028671
7.4058392046933905
7.173683968434656
6.958088135101541
6.940708678486972
7.173683968434656
6.958088135101541
7.173683968434656
Epsiode76
6.83719284128941
4.573275229219021
6.282613131566629
4.632159081674654
6.823103094471245
7.415850057250273
6.996375690697958
7.564122012819594
7.582326328695815
7.558566063028671
7.4058392046933905
7.550400367401605
7.582326328695815
7.558566063028671
7.550400367401605
7.582326328695815
7.558566063028671
7.526073904116453
7.550400367401605
7.582326328695815
7.558566063028671
7.526073904116453
7.550400367401605
7.582326328695815
7.558566063028671
7.526073904116453
7.550400367401605
7.582326328695815
7.558566063028671
7.550400367401605
7.582326328695815
7.558566063028671
7.585960854667857
7.173683968434656
5.962165267444861
7.481506283099948
7.582326328695815
7.481506283099948
7.582326328695815
7.559632082781539
7.481506283099948
7.582326328695815
7.559632082781539
Epsiode77
0.0
0.0
0.0
3.778625283526352
7.481506283099948
7.582326328695815
7.481506283099948
7.582326328695815
7.584348984210589
7.481506283099948
7.582326328695815
7.584348984210589
5.948201032051129
7.481506283099948
5.948201032051129
7.481506283099948
6.823103094471245
2.9165503171969807
4.431732896378906
3.0377907196459506
7.481506283099948
7.481506283099948
7.817174944631287
7.584348984210589
7.481506283099948
7.817174944631287
5.948201032051129
7.211996471005355
5.962165267444861
7.389216102152554
7.251071863152664
7.211996471005355
5.962165267444861
7.389216102152554
7.251071863152664
7.211996471005355
5.962165267444861
7.389216102152554
7.211996471005355
5.962165267444861
7.389216102152554
7.444344413407827
7.211996471005355
0.0
0.0
0.0
2.9748991223374026
5.336864880448562
4.917955544219227
4.107255703449661
2.9748991223374026
5.336864880448562
2.9748991223374026
5.336864880448562
5.581983007382002
4.107255703449661
2.9748991223374026
5.336864880448562
5.581983007382002
4.107255703449661
2.9748991223374026
5.336864880448562
5.581983007382002
4.107255703449661
2.9748991223374026
2.9748991223374026
5.867724148373867
2.9748991223374026
5.867724148373867
5.99028206458885
4.711794270867545
6.74334597661011
3.418702632539567
0.0
0.0
0.0
6.823103094471245
7.735584025749556
7.817174944631287
7.211996471005355
3.3494300278935567
Epsiode78
7.211996471005355
3.3494300278935567
7.711630807708007
7.211996471005355
3.3494300278935567
7.711630807708007
7.647680187864108
7.211996471005355
3.3494300278935567
7.711630807708007
7.647680187864108
7.211996471005355
3.3494300278935567
7.39163367760016
3.3494300278935567
7.671782463920329
7.647680187864108
7.39163367760016
3.3494300278935567
7.39163367760016
3.3494300278935567
7.6326377851687575
7.5423918566342305
7.5423918566342305
5.5236309538040445
7.5423918566342305
5.5236309538040445
7.6758926081340295
7.6650091249863115
Epsiode79
7.5423918566342305
5.5236309538040445
7.6758926081340295
7.5423918566342305
5.5236309538040445
7.6758926081340295
7.5423918566342305
5.5236309538040445
7.6758926081340295
Epsiode80
7.5423918566342305
5.5236309538040445
7.5423918566342305
5.5236309538040445
7.7135764731285805
7.360248098565603
6.83719284128941
4.711794270867545
6.823103094471245
7.63157525521895
6.996375690697958
7.360248098565603
7.360248098565603
7.7221311945490045
7.751629233612018
6.823103094471245
7.63157525521895
6.996375690697958
6.814759336783379
7.360248098565603
7.7221311945490045
7.751629233612018
7.5423918566342305
5.5236309538040445
7.7135764731285805
7.360248098565603
6.639606512886905
7.5423918566342305
5.5236309538040445
4.711794270867545
7.294713888517816
3.418702632539567
3.965115530994699
5.948201032051129
7.690553560763524
6.603231658018716
5.9615217698685665
6.814759336783379
6.7297737888009035
6.814759336783379
6.7297737888009035
5.3521797100822095
3.6755076897650474
5.948201032051129
7.690553560763524
6.603231658018716
5.9615217698685665
5.948201032051129
5.948201032051129
5.948201032051129
7.655737339679051
6.603231658018716
5.9615217698685665
5.948201032051129
7.655737339679051
6.603231658018716
5.9615217698685665
5.948201032051129
7.655737339679051
5.948201032051129
7.655737339679051
5.948201032051129
5.948201032051129
5.948201032051129
7.624302949377899
7.3684306252965825
5.9615217698685665
5.948201032051129
7.624302949377899
7.3684306252965825
5.9615217698685665
5.948201032051129
7.624302949377899
7.3684306252965825
5.9615217698685665
5.948201032051129
7.624302949377899
7.3684306252965825
5.9615217698685665
5.948201032051129
7.624302949377899
7.3684306252965825
5.948201032051129
5.948201032051129
7.674474282660096
7.3684306252965825
6.833637996512602
5.948201032051129
7.674474282660096
7.3684306252965825
6.833637996512602
5.948201032051129
7.674474282660096
7.3684306252965825
6.833637996512602
5.948201032051129
5.948201032051129
Epsiode81
5.948201032051129
7.630424081630481
7.3684306252965825
7.5423918566342305
5.5236309538040445
Epsiode82
7.5423918566342305
7.51536275421771
5.948201032051129
7.51536275421771
7.624705492303262
7.751629233612018
7.907981073440615
7.51536275421771
7.624705492303262
7.751629233612018
7.51536275421771
7.624705492303262
7.751629233612018
7.51536275421771
7.624705492303262
7.751629233612018
7.51536275421771
7.624705492303262
7.751629233612018
5.948201032051129
7.51536275421771
7.624705492303262
7.751629233612018
6.639606512886905
7.5423918566342305
6.73151807106141
Epsiode83
2.9436898078605847
2.576386482826236
7.51536275421771
6.947695273673305
7.51536275421771
7.51536275421771
7.51536275421771
7.663345199377575
7.751629233612018
7.5423918566342305
7.5423918566342305
7.404726939407986
2.9436898078605847
2.576386482826236
Epsiode84
6.823103094471245
7.63157525521895
7.227627015387865
7.404726939407986
7.048312930456734
7.227627015387865
7.404726939407986
7.048312930456734
Epsiode85
7.4637900389260565
7.404726939407986
7.048312930456734
7.643575882093293
7.4637900389260565
7.404726939407986
7.048312930456734
7.4637900389260565
7.404726939407986
7.048312930456734
7.663062441390762
7.4637900389260565
7.51536275421771
7.663345199377575
7.751629233612018
7.51536275421771
7.663345199377575
7.751629233612018
7.4637900389260565
0.0
0.0
0.0
0.0
Epsiode86
7.4637900389260565
6.68371785505375
7.048312930456734
7.51536275421771
7.663345199377575
7.751629233612018
6.947695273673305
7.4637900389260565
Epsiode87
7.4637900389260565
7.001034181903885
7.048312930456734
7.875837387281844
7.51536275421771
7.663345199377575
7.751629233612018
8.03157290106607
6.823103094471245
7.157589868090097
7.304150026975821
7.5378224429243765
7.493914430564688
6.83719284128941
5.809699498767961
6.639606512886905
7.830156907210602
5.9670883023058545
5.084211556358838
7.51536275421771
7.663345199377575
7.751629233612018
0.0
2.935999535928503
2.6971982626446787
7.4637900389260565
7.001034181903885
7.048312930456734
Epsiode88
6.83719284128941
5.809699498767961
7.073299021930509
6.83719284128941
5.084211556358838
7.6959948093504424
5.575123954959139
5.305397334548594
5.544872215751885
7.663345199377575
7.751629233612018
8.107429624229436
5.544872215751885
7.663345199377575
7.751629233612018
5.544872215751885
7.663345199377575
7.314879579331757
7.001034181903885
7.314879579331757
Epsiode89
5.046142579281973
5.867724148373867
5.99028206458885
7.304150026975821
5.075844642506901
7.294713888517816
3.418702632539567
5.544872215751885
6.639606512886905
7.830156907210602
5.9670883023058545
7.304150026975821
7.527363396490741
7.493914430564688
7.185628576494892
6.947695273673305
7.3697387964701555
6.7297737888009035
7.453363477760277
7.832964132186682
7.7575771588647005
7.304150026975821
7.527363396490741
7.493914430564688
7.185628576494892
6.639606512886905
7.830156907210602
5.9670883023058545
6.639606512886905
7.314879579331757
6.379005181323896
7.418186841447632
7.482045517917752
4.245436476395087
3.443388967620734
Epsiode90
5.075844642506901
7.453363477760277
7.832964132186682
7.7575771588647005
7.933612577405838
7.453363477760277
7.832964132186682
7.7575771588647005
7.453363477760277
7.832964132186682
7.314879579331757
6.379005181323896
Epsiode91
5.915157956920601
2.100037248536312
7.304150026975821
7.304150026975821
7.682809234488911
7.493914430564688
7.185628576494892
7.304150026975821
7.682809234488911
7.493914430564688
7.185628576494892
7.304150026975821
7.314879579331757
6.379005181323896
6.845570650621296
7.482045517917752
7.314879579331757
6.379005181323896
6.845570650621296
7.482045517917752
7.368804717173312
6.379005181323896
6.845570650621296
7.368804717173312
7.368804717173312
6.977111208999695
6.845570650621296
4.245436476395087
Epsiode92
3.93933424498025
2.935999535928503
2.6971982626446787
4.010780346969627
7.660618958800713
6.947695273673305
7.741750205100553
7.3684306252965825
7.446341205762348
7.368804717173312
6.977111208999695
6.845570650621296
Epsiode93
7.807672575858772
7.807672575858772
7.807672575858772
7.905089766588057
7.676685539127749
6.639606512886905
3.93933424498025
2.935999535928503
2.6971982626446787
4.245436476395087
Epsiode94
3.93933424498025
7.69407726931999
6.977111208999695
6.845570650621296
Epsiode95
6.83719284128941
6.832767227676104
6.639606512886905
5.808527892954272
6.639606512886905
5.808527892954272
6.795125488974554
2.765929839375645
5.115994741419245
Epsiode96
7.237671262795725
6.977111208999695
6.845570650621296
Epsiode97
5.915157956920601
7.374551052106455
6.83719284128941
6.832767227676104
6.83719284128941
6.832767227676104
Epsiode98
5.084211556358838
7.6959948093504424
5.575123954959139
7.230126738632164
7.230126738632164
7.593507223646524
7.676685539127749
7.820367544649418
7.374551052106455
6.83719284128941
6.832767227676104
0.0
0.0
Epsiode99
7.230126738632164
7.593507223646524
7.676685539127749
6.83719284128941
6.832767227676104
6.7863454788715725
5.954338218397647
7.374551052106455
7.413498351683582
7.493914430564688
7.230126738632164
7.593507223646524
6.83719284128941
6.832767227676104
6.7863454788715725
7.230126738632164
7.593507223646524
7.256159253122288
7.741750205100553
7.3684306252965825
7.374551052106455
7.413498351683582
7.493914430564688
7.587719713233167
Epsiode100
5.187011033949171
4.838398285157698
7.230126738632164
7.593507223646524
7.782777587236112
7.256159253122288
5.187011033949171
4.838398285157698
7.170787634206642
6.977111208999695
6.845570650621296
Epsiode101
7.170787634206642
6.977111208999695
6.845570650621296
7.315138047875735
7.170787634206642
6.977111208999695
6.845570650621296
7.230126738632164
7.374551052106455
6.83719284128941
6.832767227676104
6.7863454788715725
6.992407637886577
2.9165503171969807
2.9165503171969807
5.882336751991801
3.0377907196459506
5.929917446464131
4.790313197574996
6.475189451963095
4.080943018696818
5.929917446464131
5.929917446464131
5.929917446464131
6.16112903019057
6.475189451963095
4.080943018696818
2.9165503171969807
5.882336751991801
3.0377907196459506
2.9165503171969807
7.230126738632164
7.230126738632164
7.788698665038457
7.782777587236112
5.046142579281973
5.867724148373867
5.99028206458885
7.020894565469486
7.788698665038457
7.564770629791774
7.788698665038457
4.245436476395087
Epsiode102
7.170787634206642
6.977111208999695
6.845570650621296
7.170787634206642
6.977111208999695
6.845570650621296
7.374551052106455
2.765929839375645
5.115994741419245
6.37225452005372
7.3697387964701555
6.7297737888009035
7.374551052106455
6.187217777314775
7.639704826313757
3.418702632539567
6.101823790426657
7.564770629791774
7.564770629791774
7.917823827685167
6.9106379748447075
7.564770629791774
7.564770629791774
8.08582961488327
6.9106379748447075
7.374551052106455
7.466652847405792
7.493914430564688
6.187217777314775
6.187217777314775
5.974543915810728
5.335690597239083
6.187217777314775
7.564770629791774
8.08582961488327
6.9106379748447075
7.564770629791774
8.08582961488327
6.9106379748447075
7.256159253122288
7.395654342260787
7.170787634206642
6.977111208999695
7.170787634206642
6.977111208999695
Epsiode103
3.0767367785802344
6.83719284128941
7.374551052106455
7.466652847405792
7.493914430564688
7.374551052106455
7.466652847405792
7.493914430564688
7.374551052106455
7.466652847405792
7.493914430564688
2.765929839375645
5.115994741419245
6.37225452005372
7.170787634206642
6.977111208999695
5.894908724734124
7.170787634206642
6.977111208999695
5.894908724734124
Epsiode104
7.170787634206642
6.977111208999695
5.894908724734124
7.564770629791774
7.564770629791774
8.157369059334641
6.187217777314775
7.850120185362123
3.418702632539567
7.697018030809204
7.466652847405792
7.493914430564688
7.564770629791774
3.93933424498025
Epsiode105
3.93933424498025
7.697018030809204
7.466652847405792
7.493914430564688
6.7527207678108905
7.295635939666011
6.7863454788715725
6.992407637886577
7.564770629791774
7.564770629791774
6.7160130643678215
5.808527892954272
6.795125488974554
7.008934008990775
6.7160130643678215
5.808527892954272
6.795125488974554
5.929917446464131
7.697018030809204
7.466652847405792
7.493914430564688
7.755781661747594
6.7527207678108905
6.7527207678108905
7.4548713556823225
6.7863454788715725
6.7527207678108905
7.4548713556823225
6.7863454788715725
5.929917446464131
6.980164592170327
7.564770629791774
7.585386762964498
7.406086150748796
6.7160130643678215
5.808527892954272
Epsiode106
7.697018030809204
7.466652847405792
7.493914430564688
6.187217777314775
6.187217777314775
7.955667323511774
3.418702632539567
6.99233520102683
7.564770629791774
7.585386762964498
7.406086150748796
7.632271728776083
5.046142579281973
5.046142579281973
7.302478291919934
7.585386762964498
7.170787634206642
6.977111208999695
5.894908724734124
0.0
0.0
0.0
Epsiode107
7.302478291919934
7.585386762964498
7.302478291919934
7.302478291919934
7.715596579155208
7.71842984140182
7.697018030809204
7.466652847405792
7.493914430564688
6.7527207678108905
7.4548713556823225
6.7863454788715725
7.284046027527921
7.697018030809204
7.466652847405792
7.493914430564688
6.7527207678108905
7.4548713556823225
6.7863454788715725
7.284046027527921
6.7527207678108905
7.697018030809204
7.466652847405792
7.493914430564688
7.905954720891373
5.929917446464131
6.980164592170327
7.697018030809204
7.466652847405792
7.493914430564688
7.905954720891373
7.697018030809204
7.466652847405792
7.493914430564688
5.929917446464131
6.980164592170327
3.93933424498025
6.5342360431134034
2.6971982626446787
4.926711074115768
7.170787634206642
6.977111208999695
Epsiode108
7.697018030809204
7.466652847405792
7.493914430564688
7.302478291919934
7.715596579155208
7.71842984140182
6.7160130643678215
5.808527892954272
6.920997825607028
6.964703161760333
4.018677909160468
0.0
3.5524987284255714
7.170787634206642
7.170787634206642
Epsiode109
7.170787634206642
6.8828522524031115
6.472316496709444
6.187217777314775
5.974543915810728
5.335690597239083
7.697018030809204
7.466652847405792
7.493914430564688
7.8576594779359645
7.697018030809204
7.466652847405792
7.493914430564688
6.187217777314775
5.915157956920601
4.923444290743472
7.302478291919934
7.170787634206642
6.8828522524031115
7.170787634206642
6.8828522524031115
6.995741109514315
6.9440904222732485
Epsiode110
6.7160130643678215
5.808527892954272
6.920997825607028
7.697018030809204
7.466652847405792
7.493914430564688
5.084211556358838
7.6959948093504424
6.7160130643678215
5.808527892954272
6.920997825607028
7.697018030809204
7.466652847405792
7.493914430564688
7.662092054878494
7.617342027928634
7.662092054878494
7.617342027928634
Epsiode111
7.697018030809204
7.466652847405792
7.493914430564688
7.916454225190615
7.697018030809204
7.466652847405792
7.493914430564688
7.697018030809204
7.466652847405792
5.084211556358838
7.662092054878494
7.617342027928634
7.470852282151313
7.13952559916433
7.662092054878494
7.617342027928634
7.470852282151313
7.274044971156798
7.6867860304257505
6.7863454788715725
7.284046027527921
7.274044971156798
7.6867860304257505
6.7863454788715725
7.284046027527921
2.9165503171969807
6.912336257505814
3.93933424498025
6.5342360431134034
2.6971982626446787
4.018677909160468
0.0
Epsiode112
4.245436476395087
7.757405044786672
6.8828522524031115
6.995741109514315
Epsiode113
7.662092054878494
7.617342027928634
7.662092054878494
7.617342027928634
7.256159253122288
7.395654342260787
7.676328486833501
6.187217777314775
5.915157956920601
4.923444290743472
7.695054278715177
6.397115373540808
7.662092054878494
7.617342027928634
7.780396517609068
7.780396517609068
7.375988130861647
6.995741109514315
Epsiode114
6.7160130643678215
5.808527892954272
6.920997825607028
7.726806537450362
7.466652847405792
7.61863349090444
6.187217777314775
7.799137602517433
3.418702632539567
6.187217777314775
7.662092054878494
7.617342027928634
7.726806537450362
7.466652847405792
7.61863349090444
7.256159253122288
7.256159253122288
7.703945446836261
5.187011033949171
4.838398285157698
7.254542772212385
7.375988130861647
Epsiode115
7.254542772212385
7.375988130861647
7.726806537450362
7.466652847405792
7.662092054878494
7.256159253122288
7.703945446836261
7.256159253122288
7.703945446836261
7.753727746703222
7.254542772212385
Epsiode116
7.274044971156798
7.662092054878494
7.7481229132994205
7.254542772212385
7.27558313757126
Epsiode117
7.254542772212385
7.27558313757126
7.131510634296216
7.471234040095565
7.726806537450362
7.78887193982022
7.660409253179321
7.819571946804293
7.660409253179321
7.851859480083921
7.819571946804293
7.660409253179321
7.851859480083921
7.274044971156798
7.662092054878494
7.7481229132994205
7.662092054878494
7.7481229132994205
7.662092054878494
7.7481229132994205
7.254542772212385
Epsiode118
5.046142579281973
7.662092054878494
7.7481229132994205
7.819571946804293
7.660409253179321
7.851859480083921
7.819571946804293
7.660409253179321
Epsiode119
7.254542772212385
6.863387639592584
7.131510634296216
7.254542772212385
6.863387639592584
7.131510634296216
Epsiode120
7.254542772212385
6.863387639592584
7.131510634296216
7.175299132993259
7.254542772212385
6.863387639592584
7.131510634296216
7.175299132993259
7.733785834860221
7.7481229132994205
7.254542772212385
6.863387639592584
7.131510634296216
7.254542772212385
6.863387639592584
7.131510634296216
7.408361777981087
7.254542772212385
6.863387639592584
7.733785834860221
7.7481229132994205
7.731073563557121
7.733785834860221
7.733785834860221
7.7857105489022445
7.733785834860221
7.8149061222015765
7.256159253122288
7.256159253122288
5.915157956920601
4.923444290743472
7.695054278715177
7.274044971156798
7.893467345313995
6.7863454788715725
2.9165503171969807
6.912336257505814
4.8037460236684515
7.819571946804293
7.660409253179321
7.333737385568627
7.978403533179971
7.852431395957651
7.254542772212385
4.245436476395087
Epsiode121
4.245436476395087
7.274044971156798
5.929917446464131
6.980164592170327
7.524861996217942
7.524861996217942
7.858164870714909
7.333737385568627
5.929917446464131
6.980164592170327
6.7160130643678215
5.808527892954272
4.245436476395087
3.93933424498025
Epsiode122
7.254542772212385
6.928458135873053
7.413316447991797
7.408361777981087
7.254542772212385
6.928458135873053
7.413316447991797
7.254542772212385
6.928458135873053
7.413316447991797
7.5047065799016135
7.254542772212385
7.34892225758984
Epsiode123
7.34892225758984
6.987648569368977
7.967356327106443
7.256159253122288
7.7780160497919955
7.967356327106443
7.860277233060344
7.646323359726621
7.858164870714909
7.333737385568627
6.7160130643678215
5.808527892954272
7.152678299024962
2.9165503171969807
6.912336257505814
4.8037460236684515
6.453113774787548
7.72197761520092
Epsiode124
7.34892225758984
6.987648569368977
7.713552049532619
6.7160130643678215
5.808527892954272
7.152678299024962
7.34892225758984
6.987648569368977
7.713552049532619
7.8170787675142215
3.93933424498025
6.6874224265141375
2.6971982626446787
Epsiode125
7.34892225758984
6.987648569368977
7.713552049532619
7.962305473519562
7.860277233060344
5.046142579281973
6.7160130643678215
5.808527892954272
7.152678299024962
7.34892225758984
7.34892225758984
Epsiode126
7.34892225758984
7.368534139871095
8.059020355381229
7.860277233060344
7.7400954268884306
7.6422505252144814
7.34892225758984
7.368534139871095
7.9070896531700345
Epsiode127
7.34892225758984
7.368534139871095
7.646323359726621
7.858164870714909
7.333737385568627
8.135272524020507
7.646323359726621
7.646323359726621
7.9474573995310145
7.333737385568627
7.646323359726621
7.9474573995310145
7.333737385568627
5.929917446464131
6.980164592170327
7.866957840494295
6.187217777314775
7.895821802559423
3.418702632539567
8.059020355381229
7.860277233060344
7.7400954268884306
7.6422505252144814
8.059020355381229
7.860277233060344
7.7400954268884306
6.7160130643678215
5.808527892954272
7.152678299024962
8.014588836737047
6.7160130643678215
5.808527892954272
7.152678299024962
4.018677909160468
0.0
4.263074434788418
3.7278661526223638
7.756936740436947
7.368534139871095
6.187217777314775
7.646323359726621
7.9474573995310145
7.333737385568627
8.120170878447892
7.860277233060344
7.756936740436947
7.368534139871095
7.948422807525062
7.5711750829725455
7.756936740436947
7.368534139871095
Epsiode128
7.554602469311712
7.7780160497919955
7.894772451425702
7.804098353026644
7.646323359726621
7.9474573995310145
7.333737385568627
7.646323359726621
7.9474573995310145
7.333737385568627
5.929917446464131
6.980164592170327
7.274044971156798
7.9635885226769405
Epsiode129
2.9165503171969807
6.912336257505814
4.8037460236684515
8.018960790895132
Epsiode130
7.934996496829367
7.368534139871095
Epsiode131
5.046142579281973
7.780838114481987
7.976191718861196
7.969728255978384
7.976191718861196
7.969728255978384
6.7160130643678215
5.808527892954272
2.7666499797169486
2.601401132266472
0.0
0.0
7.716903829903451
7.662053252978897
7.368534139871095
7.976191718861196
7.976191718861196
7.93576840741717
7.976191718861196
7.93576840741717
7.496797063083758
7.9474573995310145
7.333737385568627
7.496797063083758
7.9474573995310145
0.0
0.0
6.187217777314775
7.811550952859919
3.418702632539567
7.759618566855952
6.187217777314775
6.187217777314775
7.789577208867362
3.418702632539567
7.759618566855952
6.187217777314775
6.187217777314775
7.766821584892746
3.418702632539567
6.187217777314775
7.766821584892746
3.418702632539567
6.187217777314775
7.766821584892746
3.418702632539567
7.976191718861196
7.93576840741717
7.982857249605685
7.896020368008433
7.496797063083758
7.9474573995310145
7.883203399127669
7.368534139871095
7.591640940245782
Epsiode132
7.976191718861196
7.496797063083758
7.9474573995310145
7.976191718861196
7.976191718861196
8.01847940155544
7.982857249605685
7.896020368008433
7.496797063083758
7.9474573995310145
7.496797063083758
7.9474573995310145
7.608201121176627
7.99446635799286
7.99446635799286
8.017223020833278
2.765929839375645
5.115994741419245
6.37225452005372
7.99446635799286
8.017223020833278
3.93933424498025
5.046142579281973
6.7160130643678215
5.808527892954272
6.15425103014573
Epsiode133
7.3919938772370335
7.368534139871095
5.929917446464131
6.980164592170327
7.778029192626333
7.778029192626333
7.992281250504637
7.062577405609664
7.9635885226769405
6.897536295512911
7.245456627586725
7.72197761520092
6.799853068203406
6.687485402152736
8.025861435449329
8.017223020833278
4.245436476395087
4.245436476395087
7.0408290106337414
5.455526507033655
Epsiode134
7.3919938772370335
7.368534139871095
7.801102109092956
7.788046844463001
7.3919938772370335
7.368534139871095
7.899144300391352
7.992281250504637
7.833034071344207
7.558013153669178
8.017223020833278
7.755282571029355
7.3919938772370335
7.368534139871095
8.024522599599468
7.3919938772370335
7.368534139871095
Epsiode135
6.187217777314775
7.766821584892746
7.558013153669178
8.017223020833278
7.755282571029355
8.047598497599013
7.558013153669178
8.017223020833278
7.3919938772370335
7.368534139871095
7.669518793515209
7.3919938772370335
7.368534139871095
7.669518793515209
7.3919938772370335
Epsiode136
7.3919938772370335
7.2796873284517805
7.899144300391352
7.899144300391352
6.187217777314775
7.766821584892746
2.9436898078605847
2.576386482826236
6.187217777314775
7.766821584892746
6.542284405686516
8.053164800849203
7.074101455869343
7.766821584892746
6.542284405686516
7.801102109092956
7.788046844463001
7.036205083099196
7.899144300391352
8.105653317173303
7.833034071344207
7.899144300391352
8.105653317173303
7.833034071344207
7.899144300391352
8.105653317173303
7.833034071344207
7.801102109092956
7.788046844463001
7.844417029811487
7.804098353026644
8.138953338030463
7.558013153669178
7.899144300391352
8.105653317173303
7.833034071344207
7.899144300391352
8.105653317173303
7.833034071344207
8.271696384888603
7.074101455869343
2.9436898078605847
2.576386482826236
2.9436898078605847
2.576386482826236
7.706296250038248
2.055377709316535
7.899144300391352
8.105653317173303
7.833034071344207
7.558013153669178
8.153208721810223
7.4215766415681665
7.558013153669178
7.801102109092956
7.788046844463001
7.844417029811487
7.3919938772370335
7.2796873284517805
7.93467246606462
7.3919938772370335
7.2796873284517805
7.93467246606462
Epsiode137
7.3919938772370335
7.2796873284517805
7.3919938772370335
7.2796873284517805
7.3919938772370335
7.2796873284517805
7.3919938772370335
7.2796873284517805
7.3919938772370335
7.2796873284517805
7.3919938772370335
7.2796873284517805
8.089847176518106
7.672730772866708
7.3919938772370335
7.2796873284517805
7.3919938772370335
7.2796873284517805
7.3919938772370335
7.2796873284517805
8.018269280961569
Epsiode138
7.3919938772370335
7.2796873284517805
7.558013153669178
7.558013153669178
7.519883342090296
7.3919938772370335
7.2796873284517805
6.620781044297586
4.838398285157698
7.3919938772370335
Epsiode139
7.3919938772370335
7.212941565612728
7.899144300391352
8.105653317173303
7.833034071344207
8.21778282796243
7.899144300391352
8.105653317173303
7.833034071344207
7.899144300391352
8.105653317173303
7.833034071344207
7.899144300391352
8.105653317173303
7.833034071344207
7.036205083099196
7.074101455869343
7.763316838409565
6.542284405686516
8.013046900177677
7.519883342090296
7.9720791161773334
7.844417029811487
7.963853272139621
7.519883342090296
7.519883342090296
7.960651177817148
7.844417029811487
7.963853272139621
7.519883342090296
7.960651177817148
7.844417029811487
7.963853272139621
7.519883342090296
7.960651177817148
7.844417029811487
7.519883342090296
7.960651177817148
7.844417029811487
7.558013153669178
8.126300799833498
7.761511414499722
7.3919938772370335
Epsiode140
6.558055553492304
7.899144300391352
8.105653317173303
7.558013153669178
8.126300799833498
7.761511414499722
7.558013153669178
8.126300799833498
7.761511414499722
8.23126768141385
6.4324689053007145
4.923444290743472
7.558013153669178
7.519883342090296
7.960651177817148
7.844417029811487
7.558013153669178
6.620781044297586
4.838398285157698
7.732118611715983
7.3919938772370335
7.3462259230151385
8.06366362137713
Epsiode141
7.3919938772370335
7.3462259230151385
7.3919938772370335
7.3462259230151385
8.093070046820635
7.3919938772370335
7.3462259230151385
Epsiode142
7.3919938772370335
7.3462259230151385
7.778044280670478
7.91943631388313
7.3919938772370335
7.3919938772370335
7.594361710892776
7.558013153669178
8.056787828062557
7.761511414499722
7.907321624190412
8.056787828062557
7.761511414499722
7.074101455869343
2.9436898078605847
2.576386482826236
7.899144300391352
8.13367248370398
8.056787828062557
7.761511414499722
8.13367248370398
8.056787828062557
7.761511414499722
4.245436476395087
7.3919938772370335
7.594361710892776
7.959759263638139
7.3919938772370335
7.594361710892776
7.959759263638139
8.030498705941373
Epsiode143
7.3919938772370335
7.594361710892776
7.959759263638139
7.899144300391352
7.899144300391352
6.7160130643678215
5.808527892954272
6.15425103014573
8.348083084897038
8.056787828062557
7.761511414499722
7.3919938772370335
7.594361710892776
7.959759263638139
4.245436476395087
Epsiode144
7.3919938772370335
7.594361710892776
7.959759263638139
Epsiode145
7.3919938772370335
7.594361710892776
7.866416280562271
8.056787828062557
7.761511414499722
7.866416280562271
8.056787828062557
7.761511414499722
2.765929839375645
7.866416280562271
4.245436476395087
5.520440353544167
Epsiode146
7.798655279082958
7.594361710892776
8.05651790801742
7.899144300391352
8.0159890025004
8.017426267610718
7.899144300391352
7.519883342090296
7.960651177817148
7.844417029811487
6.4324689053007145
4.923444290743472
7.798655279082958
7.594361710892776
8.05651790801742
7.798655279082958
7.594361710892776
8.05651790801742
Epsiode147
7.798655279082958
7.594361710892776
8.05651790801742
7.926999450540815
7.866416280562271
7.85237562681459
7.761511414499722
7.866416280562271
7.85237562681459
7.761511414499722
7.941577931785995
7.866416280562271
7.85237562681459
7.761511414499722
7.866416280562271
7.85237562681459
7.761511414499722
7.866416280562271
7.85237562681459
7.761511414499722
7.245456627586725
7.798655279082958
7.594361710892776
7.074101455869343
7.836377192148957
6.542284405686516
8.013046900177677
2.9436898078605847
2.576386482826236
7.899144300391352
7.899144300391352
8.24768316594162
7.899144300391352
7.866416280562271
7.85237562681459
7.761511414499722
7.866416280562271
7.85237562681459
7.761511414499722
7.899144300391352
7.899144300391352
7.036205083099196
7.489578065974991
7.646976622236023
7.899144300391352
8.06958885828914
7.899144300391352
8.06958885828914
7.866416280562271
7.85237562681459
7.761511414499722
7.519883342090296
7.960651177817148
7.844417029811487
8.224577028840613
7.866416280562271
7.85237562681459
7.761511414499722
8.308995055178094
2.9436898078605847
2.576386482826236
8.136521424667755
2.9436898078605847
2.576386482826236
8.136521424667755
7.036205083099196
2.9436898078605847
2.576386482826236
7.866416280562271
7.85237562681459
7.761511414499722
7.866416280562271
7.85237562681459
7.761511414499722
8.393480677299907
7.866416280562271
7.85237562681459
7.798655279082958
7.594361710892776
7.798655279082958
7.594361710892776
7.798655279082958
7.594361710892776
7.798655279082958
7.594361710892776
Epsiode148
7.798655279082958
7.594361710892776
7.856407559923582
7.866416280562271
7.85237562681459
7.976085522431694
7.866416280562271
7.85237562681459
7.976085522431694
7.866416280562271
7.85237562681459
7.976085522431694
8.526267440442513
7.866416280562271
7.85237562681459
7.976085522431694
8.526267440442513
7.866416280562271
7.85237562681459
7.976085522431694
7.866416280562271
7.85237562681459
7.976085522431694
7.798655279082958
7.594361710892776
7.856407559923582
4.018677909160468
0.0
4.263074434788418
3.7278661526223638
Epsiode149
7.899144300391352
8.06958885828914
8.093571834139208
8.06958885828914
Epsiode150
8.093571834139208
8.06958885828914
7.9164353111987396
7.866416280562271
7.85237562681459
7.976085522431694
7.93782950384919
7.960651177817148
7.844417029811487
8.093571834139208
8.06958885828914
7.9164353111987396
5.929917446464131
6.980164592170327
8.093571834139208
8.06958885828914
7.9164353111987396
7.062577405609664
8.093571834139208
8.06958885828914
7.9164353111987396
6.7160130643678215
5.808527892954272
2.9165503171969807
6.912336257505814
Epsiode151
8.093571834139208
8.06958885828914
7.9164353111987396
7.798655279082958
7.594361710892776
7.798655279082958
7.594361710892776
Epsiode152
7.798655279082958
7.594361710892776
7.798655279082958
7.594361710892776
7.740430305205312
7.7821295883450645
8.093571834139208
8.06958885828914
7.9164353111987396
8.093571834139208
8.06958885828914
7.9164353111987396
8.093571834139208
8.06958885828914
7.93782950384919
7.960651177817148
8.153208721810223
7.4215766415681665
7.745952531479949
6.558055553492304
8.051408397777415
7.005974946751549
7.798655279082958
7.594361710892776
7.740430305205312
7.7821295883450645
Epsiode153
7.798655279082958
7.594361710892776
7.740430305205312
7.7821295883450645
7.866416280562271
7.866416280562271
8.076286564513095
7.976085522431694
7.866416280562271
8.076286564513095
7.976085522431694
7.866416280562271
8.076286564513095
7.976085522431694
Epsiode154
7.866416280562271
8.076286564513095
7.976085522431694
8.29813700463871
7.866416280562271
8.076286564513095
4.387211766266187
7.594361710892776
7.740430305205312
4.387211766266187
7.594361710892776
7.740430305205312
7.855587104031173
4.387211766266187
7.594361710892776
7.740430305205312
7.855587104031173
4.387211766266187
7.594361710892776
7.740430305205312
4.387211766266187
7.594361710892776
7.740430305205312
4.387211766266187
7.594361710892776
7.740430305205312
4.387211766266187
7.594361710892776
7.740430305205312
Epsiode155
4.387211766266187
7.594361710892776
7.740430305205312
7.623411979989378
7.866416280562271
8.076286564513095
7.897978906584252
7.866416280562271
8.076286564513095
7.897978906584252
8.294212754375424
8.093571834139208
8.06958885828914
8.126723636447455
4.387211766266187
7.594361710892776
7.740430305205312
7.623411979989378
4.387211766266187
4.387211766266187
7.713758153531961
7.740430305205312
7.623411979989378
4.387211766266187
7.713758153531961
7.740430305205312
7.623411979989378
Epsiode156
4.387211766266187
7.713758153531961
7.866416280562271
8.076286564513095
7.897978906584252
6.7160130643678215
5.808527892954272
7.150736392296148
5.929917446464131
6.980164592170327
8.22493007923738
7.93782950384919
7.960651177817148
8.090772607593294
4.590006306546634
7.866416280562271
8.076286564513095
7.897978906584252
8.051066690889769
8.06958885828914
8.126723636447455
7.866416280562271
8.076286564513095
7.897978906584252
7.866416280562271
7.866416280562271
8.248700813133773
7.897978906584252
5.520440353544167
4.387211766266187
7.713758153531961
Epsiode157
7.074101455869343
7.836377192148957
7.866416280562271
7.866416280562271
7.93782950384919
7.960651177817148
8.090772607593294
4.590006306546634
7.93782950384919
7.960651177817148
8.090772607593294
4.590006306546634
4.387211766266187
7.713758153531961
7.036205083099196
7.9040106964209365
7.646976622236023
4.388870002482466
7.036205083099196
7.417626988530528
7.87548642538972
7.646976622236023
8.051066690889769
8.06958885828914
8.126723636447455
Epsiode158
7.866416280562271
8.24034081675456
7.897978906584252
7.866416280562271
8.24034081675456
7.897978906584252
8.142346513396477
8.153208721810223
7.4215766415681665
7.745952531479949
5.960822715040715
4.387211766266187
7.713758153531961
Epsiode159
4.387211766266187
4.387211766266187
4.387211766266187
4.387211766266187
Epsiode160
7.843829394490765
8.06958885828914
8.126723636447455
7.866416280562271
8.24034081675456
7.897978906584252
7.543697572289121
5.808527892954272
7.150736392296148
6.304179818093198
Epsiode161
5.929917446464131
6.980164592170327
7.818442795218052
8.06958885828914
8.126723636447455
7.818442795218052
8.06958885828914
8.126723636447455
7.818442795218052
8.06958885828914
8.126723636447455
8.440229004362703
7.818442795218052
8.06958885828914
8.126723636447455
7.818442795218052
7.93782950384919
7.960651177817148
8.090772607593294
4.590006306546634
7.866416280562271
7.866416280562271
7.866416280562271
7.818442795218052
8.174018228581707
8.126723636447455
7.2563152065853345
7.836377192148957
7.404536064154708
8.013046900177677
0.0
0.0
0.0
7.245456627586725
7.866416280562271
8.381453036267434
7.897978906584252
8.227122902269814
7.866416280562271
6.304179818093198
7.386818488683115
7.365533923069568
Epsiode162
6.304179818093198
7.386818488683115
7.365533923069568
8.025390436652625
6.304179818093198
7.386818488683115
7.365533923069568
6.304179818093198
7.386818488683115
7.365533923069568
6.304179818093198
Epsiode163
6.304179818093198
7.444879362591326
7.365533923069568
7.686571112017657
8.045382185961804
7.897978906584252
8.227122902269814
7.93782950384919
7.960651177817148
8.090772607593294
4.590006306546634
7.93782950384919
7.960651177817148
8.090772607593294
4.590006306546634
7.93782950384919
7.960651177817148
7.93782950384919
7.960651177817148
7.93782950384919
7.960651177817148
8.01697567665861
4.590006306546634
7.93782950384919
7.960651177817148
8.01697567665861
4.590006306546634
7.93782950384919
7.960651177817148
7.93782950384919
7.960651177817148
7.93782950384919
7.960651177817148
7.950320911253065
7.93782950384919
7.960651177817148
7.950320911253065
6.302144198957039
7.686571112017657
8.045382185961804
7.897978906584252
7.686571112017657
8.045382185961804
7.897978906584252
7.686571112017657
8.045382185961804
7.897978906584252
7.686571112017657
8.045382185961804
7.897978906584252
6.304179818093198
7.444879362591326
7.365533923069568
6.558055553492304
Epsiode164
6.304179818093198
7.444879362591326
7.365533923069568
7.686571112017657
8.045382185961804
7.897978906584252
8.418763388913977
7.686571112017657
8.045382185961804
7.897978906584252
Epsiode165
6.304179818093198
7.444879362591326
7.365533923069568
7.818442795218052
8.174018228581707
8.126723636447455
2.9165503171969807
6.912336257505814
6.114980363069424
7.818442795218052
8.174018228581707
8.126723636447455
8.225212772714775
7.245456627586725
8.246336524592483
6.799853068203406
6.687485402152736
7.686571112017657
8.045382185961804
7.897978906584252
8.176088140880516
7.686571112017657
8.045382185961804
